main_title,total_seeders,total_leechers,total_peers
The Alters,486,56,542
Call of Duty: Modern Warfare II,339,205,544
Date Everything! Lavish Edition,477,27,504
Broken Arrow: Vanguard Edition [FitGirl Repac,331,48,379
Call of Duty: Modern Warfare,169,280,449
Tony Hawk's Pro Skater 3,576,245,821
Five Nights at Freddy's: Secret of the Mimic,334,29,363
System Shock 2: 25th Anniversary Remaster [FitGirl,245,18,263
Call of Duty: Modern Warfare III,140,78,218
RimWorld,528,16,544
SCUM,174,19,193
100 in 1 Game Collection,168,14,182
"Warhammer 40,000: Rogue Trader - Voidfarer Edition",192,34,226
Victoria 3: Grand Edition,258,14,272
Len's Island,238,7,245
Cast n Chill,134,0,134
Little Nightmares,240,9,249
Suit for Hire,206,11,217
"7 Days to Die [FitGirl , Selective D",155,19,174
Still Wakes the Deep: The Complete Collection ( 5,143,18,161
Soulstone Survivors,118,3,121
Tower Wizard,148,1,149
Rooftops & Alleys: The Parkour Game,126,1,127
Palworld (Fr,166,30,196
Tony Hawks Pro Skater 3 Plus 4,101,37,138
BeamNG drive 36 2,71,17,88
The Planet Crafter: The Galactic Terraformer Edition,154,5,159
PATAPON 1 Plus 2 REPLAY-TENOKE,222,10,232
Medieval Dynasty,113,23,136
CityDriver,126,12,138
S T A L K E R 2: Heart of Chornobyl,378,892,1270
theHunter: Call of the Wild,128,13,141
Wizard of Legend 2,155,2,157
The Alters,91,29,120
Lost in Random: The Eternal Die - Fortune Edition [F,118,4,122
Blood West: Dead Man's Edition,127,7,134
Teardown,106,6,112
Hades II,54,3,57
S T A L K E R 2: Heart of Chornobyl,28,31,59
Architect Life: A House Design Simulator,131,6,137
LEGO Builderâ€™s Journey,135,4,139
"Steep [FitGirl , Selectiv",92,41,133
Taxi Life: A City Driving Simulator,150,11,161
Ancient Cities,231,5,236
Songs of Conquest,120,5,125
"Sengoku Dynasty [FitGirl , Selective D",112,32,144
"Shatterline [FitGirl , - from 17 5",97,32,129
PEAK,30,0,30
The Sims 4,633,880,1513
Broken Arrow,114,27,141
Wandering Sword: Side Tale Bundle,100,4,104
Drug Dealer Simulator 2 [FitGir,69,3,72
Star Overdrive,79,8,87
Dungeons 4,86,16,102
Planetary Annihilation: TITANS,81,3,84
American Truck Simulator,220,51,271
Date Everything-TENOKE,109,6,115
Stellaris,38,5,43
Parcel Simulator,141,1,142
Project Zomboid 9 0,45,6,51
Empire of Sin,89,7,96
TRON: Catalyst,65,1,66
GEX Trilogy,80,8,88
Call of Duty: Modern Warfare [DO,83,167,250
RAIDOU : The Mystery of the Soulless Army,88,13,101
Crime Simulator,108,7,115
Star Trucker,70,4,74
Lost Planet: Extreme Condition - Colonies Edition [DODI Re,43,2,45
Victoria 3,87,3,90
Call of Duty Modern Warfare 3 Multiplayer Only,6,6,12
Lost Planet 2,46,6,52
Tainted Grail: The Fall of Avalon,26,2,28
"The Operator [FitGirl , Selec",111,6,117
Expeditions: A MudRunner Game,175,41,216
ELDEN RING NIGHTREIGN,23,0,23
Camper Van: Make it Home,78,4,82
Robots at Midnight,64,6,70
Stolen Realm,78,2,80
Antro,60,1,61
"Sun Haven: Ultra Bundle [FitGirl , Se",69,8,77
After Inc: Revival,56,1,57
Warhammer 40000 Rogue Trader Lex Imperialis,40,11,51
9 Kings,66,3,69
Caribbean Legend: [FitGirl R,50,13,63
Our Adventurer Guild,133,2,135
"Endless Ocean Luminous [FitGirl , S",60,9,69
Wingspan: Special Edition [FitGi,60,5,65
Thrive: Heavy Lies The Crown,89,2,91
Kunitsu-Gami: Path of the Goddess,523,305,828
Broken Arrow: Vanguard Edition,54,5,59
