main_title,total_seeders,total_leechers,total_peers
The Alters,717,86,803
Call of Duty: Modern Warfare II,339,205,544
Date Everything! Lavish Edition,477,27,504
Broken Arrow: Vanguard Edition [FitGirl Repac,331,48,379
MindsEye,495,137,632
Call of Duty: Modern Warfare,169,280,449
Five Nights at Freddy's: Secret of the Mimic,504,37,541
System Shock 2: 25th Anniversary Remaster [FitGirl,245,18,263
Lossless Scaling,95,3,98
Call of Duty: Modern Warfare III,140,78,218
SCUM,174,19,193
100 in 1 Game Collection,180,13,193
Victoria 3: Grand Edition,258,14,272
"Warhammer 40,000: Rogue Trader - Voidfarer Edition",192,34,226
Len's Island,191,3,194
Cast n Chill,134,0,134
Little Nightmares,240,9,249
Suit for Hire,206,11,217
Still Wakes the Deep: The Complete Collection ( 5,143,18,161
"7 Days to Die [FitGirl , Selective D",166,22,188
Oxygen Not Included,168,6,174
Soulstone Survivors,118,3,121
Tony Hawk's Pro Skater 3,701,581,1282
Tower Wizard,148,1,149
The Elder Scrolls IV Oblivion,40,4,44
Rooftops & Alleys: The Parkour Game,126,1,127
RimWorld,92,3,95
Palworld (Fr,166,30,196
The Planet Crafter: The Galactic Terraformer Edition,154,5,159
CityDriver,137,20,157
Medieval Dynasty,116,19,135
Tony Hawks Pro Skater 3 Plus 4,135,62,197
Wizard of Legend 2,155,2,157
theHunter: Call of the Wild,128,13,141
The Alters,91,29,120
BeamNG drive 36 2,71,17,88
Lost in Random: The Eternal Die - Fortune Edition [F,118,4,122
Northgard: The Viking Age Edition [Fi,101,0,101
Blood West: Dead Man's Edition,127,7,134
Hades II,54,3,57
Teardown,106,6,112
S T A L K E R 2: Heart of Chornobyl,43,28,71
LEGO Builderâ€™s Journey,135,4,139
Clair Obscur Expedition 33,25,5,30
Architect Life: A House Design Simulator,131,6,137
Taxi Life: A City Driving Simulator,107,9,116
Songs of Conquest,120,5,125
PEAK,30,0,30
"Steep [FitGirl , Selectiv",162,78,240
"Sengoku Dynasty [FitGirl , Selective D",106,27,133
"Shatterline [FitGirl , - from 17 5",112,31,143
Broken Arrow,114,27,141
Wandering Sword: Side Tale Bundle,100,4,104
Ancient Cities,254,12,266
Star Overdrive,79,8,87
Drug Dealer Simulator 2 [FitGir,69,3,72
ELDEN RING NIGHTREIGN,51,0,51
Planetary Annihilation: TITANS,77,5,82
Dungeons 4,83,16,99
My Dream Setup: [FitGirl Rep,111,3,114
Way of the Hunter,79,7,86
Date Everything-TENOKE,109,6,115
Parcel Simulator,135,4,139
Empire of Sin,89,7,96
Crusader Kings III 16 2 3,24,4,28
TRON: Catalyst,65,1,66
Stellaris,38,5,43
inZOI,27,1,28
GEX Trilogy,80,8,88
SurrounDead 7 1c,38,1,39
Project Zomboid 9 0,45,6,51
Call of Duty: Modern Warfare [DO,83,167,250
RAIDOU : The Mystery of the Soulless Army,74,13,87
Crime Simulator,108,7,115
Star Trucker,83,5,88
Victoria 3,90,3,93
Satisfactory,27,2,29
Lost Planet: Extreme Condition - Colonies Edition [DODI Re,45,3,48
Call of Duty Modern Warfare 3 Multiplayer Only,6,6,12
Lost Planet 2,44,1,45
Tainted Grail: The Fall of Avalon,26,2,28
Camper Van: Make it Home,78,4,82
Robots at Midnight,64,6,70
Factorio 0 55,29,0,29
"The Operator [FitGirl , Selec",91,2,93
Stolen Realm,78,2,80
Warhammer 40000 Rogue Trader Lex Imperialis,40,11,51
