main_title,total_seeders,total_leechers,total_peers
The Accountant 2,4004,4349,8353
A Working Man,3776,1340,5116
Death of a Unicorn,3103,2161,5264
Sinners,1404,2087,3491
Warfare,4797,3983,8780
Havoc,3534,857,4391
Thunderbolts*,4262,2480,6742
Ash,1529,301,1830
Locked,1385,362,1747
Drop,1331,917,2248
Captain America Brave New World,2121,715,2836
Kesari Chapter 2,865,147,1012
Another Simple Favor,913,648,1561
Raid 2,791,67,858
Jewel Thief  The Heist Begins,607,48,655
HIT 3,435,63,498
Mere Husband Ki Biwi,490,28,518
Logout,484,21,505
It Feeds,425,16,441
Exterritorial,740,469,1209
Neighborhood Watch,416,73,489
Costao,258,19,277
Tin Soldier,1266,214,1480
The Woman in the Yard,570,162,732
The Luckiest Man in America,568,74,642
The Accountant,411,442,853
L2 Empuraan,395,54,449
Freaky Tales,831,648,1479
Jewel Thief The Heist Begins,413,49,462
Good Bad Ugly,177,22,199
Veera Dheera Sooran Part 2,297,34,331
The Bayou,307,29,336
The Diplomat,182,57,239
Reign Of Fire,154,20,174
Rust,375,97,472
Bullet Train Explosion,380,401,781
Lifeline,265,12,277
California King,578,48,626
Deep Inside Angeli Khang,171,13,184
Hell of a Summer,244,132,376
Spun,135,15,150
Violet,103,18,121
A Minecraft Movie,333,95,428
Shadow Of God,103,7,110
Odela 2,282,37,319
Rapsa,219,22,241
Paradox Effect,236,26,262
star wars original trilogy h265 5 1,304,83,387
The Friend,210,92,302
SALVABLE,229,39,268
Marching Powder,199,24,223
The Penguin Lessons,237,203,440
Sabik,133,13,146
Captain America : Brave New World,67,13,80
Warlord,298,16,314
Jaat,80,58,138
Last Bullet,412,134,546
Teenage Innocence,105,28,133
Tampipi,156,10,166
Nonnas,447,208,655
Exterritorial,104,35,139
Screamboat,257,36,293
Rich Flu,78,15,93
The Ballad Of Wallis Island,285,77,362
iHostage,62,8,70
Fight or Flight,178,21,199
Virunnu,130,13,143
Counterattack,115,11,126
Companion,138,66,204
Havoc,155,24,179
Amuse Me - aka To Love a Clown,46,26,72
Captain America Brave New World,150,88,238
Bullet Train Explosion,140,53,193
