main_title,total_seeders,total_leechers,total_peers
Mickey 17,8900,7758,16658
A Minecraft Movie,3769,2468,6237
Black Bag,4642,4215,8857
The Monkey,2720,1197,3917
In the Lost Lands,3186,1194,4380
Last Breath,2228,1126,3354
A Working Man,2028,2872,4900
Novocaine,4264,3733,7997
Cleaner,1665,329,1994
Bill Burr Drop Dead Years,928,114,1042
Sikandar,523,115,638
Batman Ninja vs Yakuza League,663,53,716
Deva,293,39,332
The Alto Knights,1737,609,2346
Officer on Duty,640,51,691
G20,1292,635,1927
Holland,471,167,638
A Working Man,1075,800,1875
The Assessment,778,136,914
Black Bag,543,288,831
Popeye The Slayer Man,635,100,735
Riff Raff,302,59,361
Gunslingers,1139,241,1380
A Knights War,311,29,340
Deva,324,46,370
Becoming Led Zeppelin,443,139,582
Borderline,221,48,269
Chhaava,340,81,421
Home Sweet Home Rebirth,936,170,1106
Chhorii 2,368,45,413
Snow White,281,113,394
A Minecraft Movie,442,756,1198
JAAT,125,166,291
Zakir Khan Delulu Express,45,7,52
Azaad,137,10,147
Viduthalai Part 1,315,39,354
My Dead Friend Zoe,241,43,284
Bring Them Down,329,94,423
Fog Of War,324,22,346
Crazxy,273,66,339
Superboys of Malegaon,245,28,273
Caligula The Ultimate Cut,169,16,185
Peter Pans Neverland Nightmare,384,33,417
Dragon,127,24,151
Arouse,245,18,263
Opus,304,156,460
Sex-Positive,73,21,94
Viduthalai Part 2,219,37,256
Kaafir,126,12,138
Emergency,94,7,101
Death Of A Unicorn,213,152,365
The Rule Of Jenny Pen,304,145,449
The World Will Tremble,259,46,305
Distant,195,21,216
Test,87,9,96
Mickey 17,492,148,640
Renner,183,13,196
Presence,214,75,289
Court State vs A Nobody,271,47,318
Rich Flu,113,7,120
The Diplomat,51,72,123
Aghathiyaa,202,25,227
Be Happy,74,8,82
Rekhachithram,49,13,62
Habal,148,13,161
Love Hurts,221,16,237
Chhaava,245,24,269
Bangkera,222,24,246
Die Alone,149,15,164
Turn Me On,105,6,111
Revelations,175,148,323
China and Sex,68,29,97
High Ground,161,26,187
McVeigh,121,11,132
Delusyon,99,16,115
Alexander And The Terrible Horrible No Good Very Bad Road Trip,157,14,171
