main_title,total_seeders,total_leechers,total_peers
Ballerina,5737,3850,9587
Thunderbolts,5824,4925,10749
Final Destination Bloodlines,4232,1083,5315
Heads of State,2809,2438,5247
Karate Kid Legends,3609,1499,5108
The Phoenician Scheme,2072,817,2889
The Old Guard 2,2681,1325,4006
Bring Her Back,1219,1436,2655
The Unholy Trinity,2380,360,2740
Ice Road Vengeance,639,184,823
KPop Demon Hunters,653,145,798
Detective Sherdil,621,55,676
Raid 2,365,67,432
Sister Midnight,482,40,522
Kuberaa,548,95,643
The Ritual,533,72,605
Kaalidhar Laapata,372,41,413
Eden,1672,1589,3261
Guns Up,537,61,598
Ballerina,542,169,711
Spaceballs,630,227,857
Housefull 5A,751,297,1048
Brick,949,337,1286
From the World of John Wick - Ballerina,268,99,367
Dora and the Search for Sol Dorado,696,61,757
Sovereign,1389,229,1618
Ballerina From the World of John Wick,789,467,1256
Off The Grid,486,34,520
28 Days And Weeks Later,343,319,662
The Old Guard 2,179,39,218
Thunderbolts,575,47,622
Heads of State,179,73,252
Pune Highway,244,29,273
Thug Life,338,47,385
Tornado,297,47,344
Sorority,336,27,363
EuroTrip,299,63,362
Final Destination Bloodlines,445,245,690
Sex On Phone,246,29,275
Housefull 5,343,68,411
Slutty the Clown,112,31,143
Housefull 5B,636,293,929
Ace,124,18,142
Unsatisfied - Full Time Females,142,22,164
Marshmallow,293,107,400
American Pie Collection 1-9,201,119,320
From the World of John Wick Ballerina,242,139,381
"Sex, Party & Lies",62,18,80
The Hitchhikers Guide to the Galaxy,210,26,236
Bayo,232,21,253
Everythings Going to be Great,490,61,551
The Last Rodeo,250,144,394
Lilo and Stitch,100,37,137
Bring Her Back,286,143,429
Squid Game Season 3 ~ [Ep 1 to 6] ~,190,100,290
The Assessment,130,22,152
Robinhood,186,20,206
The Amateur,238,11,249
Aap Jaisa Koi,248,93,341
Fear Below,138,13,151
Friendship,407,51,458
Thunderbolts A K A The New Avengers,299,600,899
Saaree,161,16,177
Holy Night Demon Hunters,142,27,169
Annie - The Virgin of Saint Tropez,120,24,144
Cleaner,138,7,145
Almost Cops,479,143,622
Sipsipan,259,34,293
Pretty Thing,204,16,220
Ice Road Vengeance,1229,1084,2313
Aap Jaisa Koi,79,72,151
The Prosecutor,144,18,162
Housefull 5A,211,104,315
Old School,136,31,167
From the World of John Wick Ballerina,524,1356,1880
Raid 2,109,10,119
Karate Kid  Legends,113,54,167
