main_title,total_seeders,total_leechers,total_peers
A Minecraft Movie,3836,1887,5723
Mickey 17,8736,10505,19241
Black Bag,4602,2703,7305
The Monkey,2687,1447,4134
In the Lost Lands,2981,1087,4068
A Working Man,1812,1371,3183
A Working Man,5256,5788,11044
Cleaner,1665,329,1994
Novocaine,2690,2855,5545
Sikandar,934,114,1048
Deva,293,39,332
The Alto Knights,1270,468,1738
G20,1122,739,1861
Officer on Duty,640,51,691
Holland,471,167,638
Captain America Brave New World,1417,726,2143
The Assessment,682,539,1221
JAAT,160,178,338
Gunslingers,1039,176,1215
Black Bag,545,177,722
Popeye The Slayer Man,635,100,735
Home Sweet Home Rebirth,882,166,1048
Chhaava,279,85,364
Riff Raff,302,59,361
A Knights War,311,29,340
Chhorii 2,261,31,292
Deva,324,46,370
Becoming Led Zeppelin,418,160,578
Crazxy,276,34,310
A Minecraft Movie,374,1583,1957
Snow White,281,113,394
Superboys of Malegaon,213,28,241
Zakir Khan Delulu Express,45,7,52
Bring Them Down,329,94,423
Fog Of War,269,12,281
Caligula The Ultimate Cut,169,16,185
Dragon,127,24,151
Peter Pans Neverland Nightmare,384,33,417
Arouse,245,18,263
Opus,309,133,442
The Woman in the Yard,597,554,1151
Sex-Positive,73,21,94
Court State vs A Nobody,197,35,232
Viduthalai Part 2,219,37,256
Mickey 17,481,136,617
Kaafir,115,13,128
Warfare,534,568,1102
Death Of A Unicorn,176,106,282
The Rule Of Jenny Pen,304,145,449
Mere Husband Ki Biwi,659,141,800
The World Will Tremble,234,27,261
Lifeline,621,54,675
Chhaava,165,19,184
The Diplomat,53,52,105
Test,78,21,99
Presence,214,75,289
Renner,183,13,196
Rich Flu,113,7,120
Bangkera,170,19,189
Aghathiyaa,202,25,227
Habal,148,13,161
Love Hurts,221,16,237
Logout,574,110,684
Shadow Of God,229,29,258
Turn Me On,105,6,111
Pravinkoodu Shappu,146,17,163
Revelations,175,148,323
China and Sex,68,29,97
High Ground,161,26,187
Delusyon,99,16,115
Alexander And The Terrible Horrible No Good Very Bad Road Trip,157,14,171
McVeigh,121,11,132
Last Breath,143,109,252
Violet,141,13,154
