main_title,total_seeders,total_leechers,total_peers
Mickey 17,9607,8864,18471
A Minecraft Movie,3055,7098,10153
Black Bag,4730,4266,8996
The Electric State,2360,790,3150
The Monkey,2911,1284,4195
Last Breath,2228,1126,3354
Novocaine,3189,2723,5912
A Working Man,2330,2817,5147
Cleaner,1665,329,1994
Bill Burr Drop Dead Years,928,114,1042
In the Lost Lands,3864,846,4710
Chhava,964,181,1145
Batman Ninja vs Yakuza League,663,53,716
Sikandar,647,205,852
Deva,328,46,374
Officer on Duty,640,51,691
Silent Zone,508,68,576
Holland,472,168,640
A Working Man,1312,964,2276
Black Bag,646,298,944
Popeye The Slayer Man,635,100,735
Riff Raff,302,59,361
A Knights War,311,29,340
High Rollers,580,55,635
Borderline,221,48,269
Deva,160,41,201
Becoming Led Zeppelin,506,142,648
Elevator Lady,265,39,304
Captain America Brave New World,304,54,358
The Parenting,312,90,402
Snow White,258,141,399
Azaad,137,10,147
Viduthalai Part 1,315,39,354
My Dead Friend Zoe,241,43,284
Zakir Khan Delulu Express,67,6,73
Bring Them Down,311,87,398
Caligula The Ultimate Cut,169,16,185
A Minecraft Movie,578,1088,1666
Fog Of War,439,46,485
Peter Pans Neverland Nightmare,367,47,414
Dragon,127,24,151
Arouse,245,18,263
Opus,360,186,546
Sex-Positive,70,9,79
Viduthalai Part 2,97,5,102
The Assessment,867,244,1111
The 8th Day,181,12,193
Emergency,94,7,101
Malagkit,164,17,181
I'm Still Here,238,166,404
The Rule Of Jenny Pen,304,139,443
Kaafir,188,21,209
Distant,195,21,216
The Gorge,180,15,195
Renner,179,8,187
Death Of A Unicorn,309,240,549
Control Freak,174,24,198
Rich Flu,113,7,120
The Pursuit of Lust 4,114,11,125
Presence,232,122,354
The World Will Tremble,447,77,524
Be Happy,74,8,82
Aghathiyaa,110,13,123
Test,147,31,178
Love Hurts,232,18,250
Rekhachithram,49,13,62
Habal,133,16,149
Die Alone,149,15,164
Turn Me On,88,9,97
Revelations,175,148,323
High Ground,161,26,187
China and Sex,68,29,97
McVeigh,121,11,132
Alexander And The Terrible Horrible No Good Very Bad Road Trip,152,14,166
Agent,94,9,103
Delusyon,99,16,115
