main_title,total_seeders,total_leechers,total_peers
Ballerina,5715,4282,9997
Thunderbolts,5848,4213,10061
Final Destination Bloodlines,4232,1083,5315
Heads of State,2987,2847,5834
The Phoenician Scheme,2072,817,2889
Deep Cover,1755,916,2671
Karate Kid Legends,3648,1220,4868
The Old Guard 2,3061,1494,4555
Bring Her Back,1131,1748,2879
Ice Road Vengeance,801,714,1515
Diablo,629,114,743
Detective Sherdil,621,55,676
The Unholy Trinity,2488,386,2874
Raid 2,365,67,432
KPop Demon Hunters,653,145,798
Sister Midnight,482,40,522
Friendship,1239,232,1471
The Ritual,486,203,689
Kaalidhar Laapata,483,66,549
Eden,1789,1299,3088
Guns Up,599,54,653
Spaceballs,630,227,857
Ballerina,607,130,737
Kuberaa,530,77,607
Echo Valley,320,306,626
From the World of John Wick - Ballerina,313,178,491
The Shrouds,411,94,505
Dora and the Search for Sol Dorado,798,89,887
Eleven,274,62,336
Off The Grid,453,33,486
The Old Guard 2,219,53,272
28 Days And Weeks Later,343,319,662
Ballerina From the World of John Wick,562,439,1001
Heads of State,235,73,308
Thug Life,343,61,404
Sorority,336,27,363
Tornado,320,43,363
Pune Highway,357,52,409
Thunderbolts,596,107,703
EuroTrip,299,63,362
Final Destination Bloodlines,445,245,690
Sex On Phone,246,29,275
Slutty the Clown,112,31,143
Ace,124,18,142
Unsatisfied - Full Time Females,122,16,138
Marshmallow,293,107,400
Predator: Killer of Killers,232,34,266
"Sex, Party & Lies",62,18,80
From the World of John Wick Ballerina,260,189,449
American Pie Collection 1-9,201,119,320
The Hitchhikers Guide to the Galaxy,210,26,236
Bayo,232,21,253
The Last Rodeo,259,166,425
The Assessment,130,22,152
Squid Game Season 3 ~ [Ep 1 to 6] ~,80,115,195
Words of War,148,13,161
28 Weeks Later,190,85,275
The Day the Earth Blew Up: A Looney Tunes Movie,152,8,160
The Amateur,238,11,249
Taandob,234,161,395
Fear Below,138,13,151
Saaree,161,16,177
Lilo and Stitch,106,23,129
Bring Her Back,272,129,401
Annie - The Virgin of Saint Tropez,99,18,117
Thunderbolts A K A The New Avengers,310,393,703
Cleaner,138,7,145
Robinhood,200,21,221
Holy Night Demon Hunters,198,16,214
Ice Road Vengeance,1174,815,1989
Pretty Thing,250,29,279
The Prosecutor,144,18,162
Kesari Chapter 2,79,12,91
Alappuzha Gymkhana,104,18,122
Old School,136,31,167
Sipsipan,234,22,256
From the World of John Wick Ballerina,286,41,327
