main_title,total_seeders,total_leechers,total_peers
A Minecraft Movie,3779,1811,5590
Mickey 17,8748,10819,19567
Black Bag,4602,2703,7305
A Working Man,5307,5079,10386
In the Lost Lands,2898,1114,4012
The Monkey,2662,1201,3863
A Working Man,1545,1063,2608
Cleaner,1665,329,1994
Novocaine,2712,2932,5644
Sikandar,934,114,1048
Deva,293,39,332
The Alto Knights,1170,438,1608
G20,1026,651,1677
Officer on Duty,640,51,691
Holland,471,167,638
Captain America Brave New World,1357,673,2030
JAAT,139,149,288
The Assessment,662,570,1232
Gunslingers,899,166,1065
Black Bag,524,172,696
Popeye The Slayer Man,635,100,735
Home Sweet Home Rebirth,847,188,1035
Chhaava,295,78,373
Riff Raff,302,59,361
A Knights War,311,29,340
Chhorii 2,241,29,270
Deva,324,46,370
Becoming Led Zeppelin,394,172,566
Crazxy,238,33,271
A Minecraft Movie,371,1642,2013
Snow White,281,113,394
Superboys of Malegaon,203,15,218
Mere Husband Ki Biwi,619,106,725
Zakir Khan Delulu Express,45,7,52
Bring Them Down,329,94,423
Fog Of War,257,32,289
The Woman in the Yard,549,517,1066
Caligula The Ultimate Cut,169,16,185
Logout,554,78,632
Dragon,127,24,151
Arouse,245,18,263
Court State vs A Nobody,216,31,247
Peter Pans Neverland Nightmare,384,33,417
Warfare,509,634,1143
Opus,309,133,442
Sex-Positive,73,21,94
Mickey 17,449,130,579
Viduthalai Part 2,219,37,256
It Feeds,1154,239,1393
Kaafir,241,17,258
Death Of A Unicorn,171,81,252
The Rule Of Jenny Pen,304,145,449
The World Will Tremble,242,33,275
Lifeline,537,74,611
Chhaava,178,19,197
The Diplomat,49,58,107
Reign Of Fire,559,42,601
Test,80,13,93
Presence,214,75,289
Renner,183,13,196
Bangkera,168,17,185
Rich Flu,113,7,120
Aghathiyaa,202,25,227
Habal,148,13,161
Love Hurts,221,16,237
Shadow Of God,226,32,258
Pravinkoodu Shappu,121,28,149
Turn Me On,105,6,111
China and Sex,68,29,97
Revelations,175,148,323
High Ground,161,26,187
Alexander And The Terrible Horrible No Good Very Bad Road Trip,157,14,171
McVeigh,121,11,132
Violet,149,19,168
