main_title,total_seeders,total_leechers,total_peers
The Accountant 2,4004,4349,8353
Warfare,4127,1994,6121
Thunderbolts*,3261,1977,5238
Sinners,4559,6217,10776
Death of a Unicorn,3090,2082,5172
A Minecraft Movie,4548,1522,6070
Final Destination Bloodlines,5858,4994,10852
Havoc,3534,857,4391
Ash,1529,301,1830
Locked,1385,362,1747
Drop,1331,917,2248
Kesari Chapter 2,1265,88,1353
Snow White,1714,407,2121
Raid 2,1419,208,1627
Another Simple Favor,720,315,1035
Jewel Thief  The Heist Begins,607,48,655
HIT 3,700,120,820
Exterritorial,641,226,867
Tin Soldier,849,73,922
Neighborhood Watch,416,73,489
Costao,384,36,420
The Luckiest Man in America,402,138,540
The Accountant,411,442,853
The Diplomat,313,101,414
L2 Empuraan,395,54,449
Freaky Tales,743,560,1303
Mr K,656,75,731
Jewel Thief The Heist Begins,413,49,462
Good Bad Ugly,199,21,220
Veera Dheera Sooran Part 2,297,34,331
The Bayou,307,29,336
Mission: Impossible - The Final Reckoning,1329,319,1648
California King,256,19,275
Rust,303,50,353
Odela 2,137,13,150
Bullet Train Explosion,380,401,781
Raid 2,205,79,284
Rogue One A Star Wars Story,866,235,1101
Deep Inside Angeli Khang,171,13,184
Hell of a Summer,244,132,376
Thunderbolts,204,50,254
Spun,137,12,149
Nonnas,319,707,1026
Rapsa,198,24,222
star wars original trilogy h265 5 1,284,171,455
The Friend,210,92,302
Paradox Effect,236,26,262
A Working Man,261,65,326
The Penguin Lessons,237,203,440
SALVABLE,226,13,239
Last Bullet,274,161,435
Sabik,170,16,186
Marching Powder,199,24,223
Captain America Brave New World,335,79,414
Warlord,298,16,314
The Ugly Stepsister [Norwegian Esub],349,141,490
Captain America - Brave New World,260,65,325
Snow White,190,35,225
Kryptic,190,8,198
Black Bag,283,212,495
Teenage Innocence,105,28,133
Catalyst,208,20,228
The Ballad Of Wallis Island,252,116,368
Tampipi,156,10,166
Exterritorial,116,56,172
Screamboat,182,21,203
Final Destination Bloodlines,446,141,587
star wars a vergence in the force,125,15,140
Ligaw,166,13,179
Virunnu,130,13,143
Counterattack,115,11,126
Havoc,155,24,179
Unit 234,289,47,336
The Shameless,282,58,340
The Jowa Collector,150,23,173
Ang Pamumukadkad Ni Mirasol,189,31,220
Bullet Train Explosion,140,53,193
