main_title,total_seeders,total_leechers,total_peers
A Minecraft Movie,3615,2042,5657
Mickey 17,8358,7401,15759
Black Bag,4606,2907,7513
The Monkey,2682,1170,3852
In the Lost Lands,2780,853,3633
A Working Man,1971,1730,3701
Last Breath,2371,1235,3606
Cleaner,1665,329,1994
A Working Man,4987,4255,9242
Sikandar,934,114,1048
Novocaine,2475,1676,4151
Batman Ninja vs Yakuza League,663,53,716
Deva,293,39,332
The Alto Knights,1412,489,1901
Officer on Duty,640,51,691
G20,1132,560,1692
Holland,471,167,638
The Assessment,675,350,1025
Black Bag,524,182,706
Gunslingers,1040,238,1278
Popeye The Slayer Man,635,100,735
JAAT,124,162,286
Riff Raff,302,59,361
A Knights War,311,29,340
Chhaava,285,50,335
Captain America Brave New World,1474,783,2257
Home Sweet Home Rebirth,853,140,993
Deva,324,46,370
Chhorii 2,281,47,328
Becoming Led Zeppelin,388,133,521
A Minecraft Movie,380,1044,1424
Snow White,281,113,394
Crazxy,234,44,278
Zakir Khan Delulu Express,45,7,52
Superboys of Malegaon,229,29,258
My Dead Friend Zoe,241,43,284
Bring Them Down,329,94,423
Fog Of War,277,21,298
Caligula The Ultimate Cut,169,16,185
Dragon,127,24,151
Peter Pans Neverland Nightmare,384,33,417
Arouse,245,18,263
Opus,309,133,442
Sex-Positive,73,21,94
Viduthalai Part 2,219,37,256
Kaafir,139,8,147
Death Of A Unicorn,195,117,312
The Rule Of Jenny Pen,304,145,449
Court State vs A Nobody,234,40,274
Mickey 17,432,135,567
The World Will Tremble,224,32,256
Distant,195,21,216
The Woman in the Yard,741,442,1183
Test,80,12,92
Presence,214,75,289
Lifeline,651,89,740
Chhaava,175,17,192
Renner,183,13,196
The Diplomat,40,47,87
Rich Flu,113,7,120
Aghathiyaa,202,25,227
Bangkera,189,27,216
Habal,148,13,161
Love Hurts,221,16,237
Turn Me On,105,6,111
Revelations,175,148,323
China and Sex,68,29,97
Shadow Of God,308,37,345
High Ground,161,26,187
Pravinkoodu Shappu,153,21,174
Delusyon,99,16,115
McVeigh,121,11,132
Alexander And The Terrible Horrible No Good Very Bad Road Trip,157,14,171
