main_title,total_seeders,total_leechers,total_peers
Mickey 17,9439,8204,17643
A Minecraft Movie,2961,7048,10009
Black Bag,4549,3952,8501
The Electric State,2360,790,3150
The Monkey,2854,1199,4053
Last Breath,2228,1126,3354
A Working Man,2282,2831,5113
Novocaine,3998,2880,6878
Cleaner,1665,329,1994
In the Lost Lands,3440,869,4309
Bill Burr Drop Dead Years,928,114,1042
Batman Ninja vs Yakuza League,663,53,716
Sikandar,575,149,724
Deva,305,38,343
Officer on Duty,640,51,691
Silent Zone,508,68,576
Holland,428,146,574
A Working Man,1199,883,2082
Black Bag,623,261,884
Popeye The Slayer Man,635,100,735
Riff Raff,302,59,361
A Knights War,311,29,340
High Rollers,580,55,635
Borderline,221,48,269
The Assessment,987,210,1197
Deva,147,22,169
Becoming Led Zeppelin,493,154,647
Elevator Lady,265,39,304
Captain America Brave New World,304,54,358
The Parenting,312,90,402
Snow White,241,139,380
Azaad,137,10,147
Zakir Khan Delulu Express,72,3,75
Viduthalai Part 1,315,39,354
My Dead Friend Zoe,241,43,284
A Minecraft Movie,547,989,1536
Bring Them Down,330,72,402
Fog Of War,417,54,471
Caligula The Ultimate Cut,169,16,185
Peter Pans Neverland Nightmare,377,30,407
Dragon,127,24,151
Arouse,245,18,263
Opus,368,165,533
Sex-Positive,69,10,79
Viduthalai Part 2,109,23,132
The 8th Day,181,12,193
Emergency,94,7,101
Malagkit,164,17,181
I'm Still Here,238,166,404
Kaafir,190,18,208
The Rule Of Jenny Pen,310,131,441
Distant,195,21,216
Death Of A Unicorn,267,305,572
Renner,171,9,180
Control Freak,174,24,198
The World Will Tremble,345,51,396
Rich Flu,113,7,120
The Pursuit of Lust 4,114,11,125
Presence,215,116,331
Test,140,17,157
Be Happy,74,8,82
Aghathiyaa,104,14,118
Love Hurts,221,16,237
Rekhachithram,49,13,62
Habal,141,12,153
Die Alone,149,15,164
Turn Me On,105,6,111
Revelations,175,148,323
High Ground,161,26,187
The Diplomat,67,59,126
China and Sex,68,29,97
McVeigh,121,11,132
Alexander And The Terrible Horrible No Good Very Bad Road Trip,163,13,176
Agent,94,9,103
Delusyon,99,16,115
