main_title,total_seeders,total_leechers,total_peers
The Accountant 2,4004,4349,8353
Warfare,4127,1994,6121
Thunderbolts*,2950,1642,4592
Death of a Unicorn,3090,2082,5172
Final Destination Bloodlines,5597,4185,9782
A Minecraft Movie,4200,1341,5541
Havoc,3534,857,4391
Ash,1529,301,1830
Locked,1385,362,1747
Kesari Chapter 2,1265,88,1353
Drop,1331,917,2248
Snow White,1586,359,1945
Sinners,3045,4017,7062
Raid 2,1419,208,1627
Another Simple Favor,720,315,1035
Jewel Thief  The Heist Begins,607,48,655
HIT 3,700,120,820
Mission: Impossible - The Final Reckoning,1820,3383,5203
Exterritorial,641,226,867
Tin Soldier,784,65,849
Neighborhood Watch,416,73,489
Costao,384,36,420
The Luckiest Man in America,402,138,540
The Accountant,411,442,853
The Diplomat,288,87,375
Freaky Tales,743,560,1303
L2 Empuraan,395,54,449
Mr K,602,49,651
Jewel Thief The Heist Begins,413,49,462
Good Bad Ugly,199,21,220
Veera Dheera Sooran Part 2,297,34,331
The Bayou,307,29,336
California King,223,21,244
Rust,303,50,353
Odela 2,122,13,135
Rogue One A Star Wars Story,866,235,1101
Bullet Train Explosion,380,401,781
Raid 2,195,78,273
Deep Inside Angeli Khang,171,13,184
Thunderbolts,170,55,225
Hell of a Summer,244,132,376
Nonnas,320,540,860
Spun,137,12,149
Rapsa,198,24,222
A Working Man,223,65,288
star wars original trilogy h265 5 1,284,171,455
The Friend,210,92,302
Paradox Effect,236,26,262
The Legend of Ochi,1027,239,1266
The Penguin Lessons,237,203,440
Last Bullet,336,111,447
Sabik,170,16,186
SALVABLE,226,13,239
Marching Powder,199,24,223
Captain America Brave New World,333,56,389
The Ugly Stepsister [Norwegian Esub],341,419,760
Final Destination Bloodlines,396,89,485
Warlord,298,16,314
Captain America - Brave New World,217,61,278
Snow White,167,20,187
Black Bag,258,168,426
Kryptic,178,8,186
Catalyst,190,13,203
The Ballad Of Wallis Island,252,116,368
Teenage Innocence,105,28,133
Exterritorial,116,56,172
The Shameless,284,37,321
Screamboat,182,21,203
Ligaw,138,18,156
star wars a vergence in the force,122,12,134
Counterattack,115,11,126
Virunnu,130,13,143
Havoc,155,24,179
Unit 234,289,47,336
Ang Pamumukadkad Ni Mirasol,180,30,210
The Jowa Collector,134,21,155
Maranamass,120,32,152
Bullet Train Explosion,140,53,193
