main_title,total_seeders,total_leechers,total_peers
Mickey 17,9752,9212,18964
A Minecraft Movie,3719,5377,9096
Black Bag,4744,4495,9239
The Electric State,2360,790,3150
The Monkey,2867,1282,4149
Last Breath,2228,1126,3354
A Working Man,2173,3283,5456
Novocaine,4339,3383,7722
In the Lost Lands,3414,1264,4678
Cleaner,1665,329,1994
Bill Burr Drop Dead Years,928,114,1042
Sikandar,363,160,523
Batman Ninja vs Yakuza League,663,53,716
Deva,306,51,357
Officer on Duty,640,51,691
Silent Zone,508,68,576
Holland,471,167,638
A Working Man,1160,1008,2168
Black Bag,614,331,945
Popeye The Slayer Man,635,100,735
Riff Raff,302,59,361
G20,1315,536,1851
A Knights War,311,29,340
The Assessment,852,175,1027
High Rollers,580,55,635
The Alto Knights,2346,873,3219
Borderline,221,48,269
Deva,147,20,167
Becoming Led Zeppelin,484,129,613
Captain America Brave New World,304,54,358
The Parenting,312,90,402
Snow White,281,113,394
A Minecraft Movie,524,786,1310
Azaad,137,10,147
Zakir Khan Delulu Express,62,9,71
Viduthalai Part 1,315,39,354
My Dead Friend Zoe,241,43,284
Bring Them Down,329,80,409
Fog Of War,395,41,436
Caligula The Ultimate Cut,169,16,185
Peter Pans Neverland Nightmare,366,32,398
Dragon,127,24,151
Arouse,245,18,263
Opus,354,164,518
Sex-Positive,80,10,90
Viduthalai Part 2,94,11,105
The 8th Day,181,12,193
Kaafir,179,19,198
Emergency,94,7,101
I'm Still Here,238,166,404
The Rule Of Jenny Pen,328,146,474
Distant,195,21,216
Death Of A Unicorn,274,463,737
The World Will Tremble,312,56,368
Renner,171,10,181
Control Freak,174,24,198
Test,134,17,151
Rich Flu,113,7,120
Presence,214,75,289
Be Happy,74,8,82
Aghathiyaa,98,9,107
Chhorii 2,555,182,737
Chhaava,454,184,638
Love Hurts,221,16,237
Rekhachithram,49,13,62
Habal,118,8,126
Die Alone,149,15,164
The Diplomat,57,70,127
Turn Me On,105,6,111
Revelations,175,148,323
High Ground,161,26,187
China and Sex,68,29,97
McVeigh,121,11,132
