main_title,total_seeders,total_leechers,total_peers
Ballerina,5783,4468,10251
Thunderbolts,5773,4229,10002
Final Destination Bloodlines,4232,1083,5315
Heads of State,2965,2811,5776
The Phoenician Scheme,2072,817,2889
Deep Cover,1755,916,2671
The Old Guard 2,3182,1646,4828
Karate Kid Legends,3333,1260,4593
Bring Her Back,1121,1978,3099
Ice Road Vengeance,972,633,1605
Diablo,629,114,743
Detective Sherdil,621,55,676
Raid 2,242,68,310
KPop Demon Hunters,653,145,798
Clown In A Cornfield,456,53,509
Sister Midnight,482,40,522
Friendship,1239,232,1471
The Ritual,495,117,612
The Unholy Trinity,2409,447,2856
Kaalidhar Laapata,463,92,555
Guns Up,623,60,683
Eden,1817,1252,3069
Spaceballs,630,227,857
Ballerina,622,186,808
Airplane,437,47,484
Echo Valley,320,306,626
From the World of John Wick - Ballerina,333,195,528
The Shrouds,411,94,505
Eleven,274,62,336
Kuberaa,511,89,600
Dora and the Search for Sol Dorado,880,101,981
Off The Grid,459,42,501
The Old Guard 2,240,54,294
28 Days And Weeks Later,343,319,662
Ballerina From the World of John Wick,547,414,961
Heads of State,229,68,297
Thug Life,336,56,392
Sorority,336,27,363
Tornado,337,70,407
EuroTrip,299,63,362
Final Destination Bloodlines,445,245,690
Pune Highway,290,46,336
Thunderbolts,558,94,652
Sex On Phone,246,29,275
The Amateur,408,533,941
Slutty the Clown,112,31,143
Ace,124,18,142
Sew Torn,146,17,163
Unsatisfied - Full Time Females,126,18,144
Marshmallow,293,107,400
Predator: Killer of Killers,232,34,266
"Sex, Party & Lies",62,18,80
The Hitchhikers Guide to the Galaxy,210,26,236
American Pie Collection 1-9,201,119,320
From the World of John Wick Ballerina,298,224,522
Bayo,232,21,253
Kalakal,251,18,269
The Last Rodeo,249,185,434
The Assessment,130,22,152
The Amateur,496,132,628
Squid Game Season 3 ~ [Ep 1 to 6] ~,103,141,244
Words of War,148,13,161
28 Weeks Later,190,85,275
The Day the Earth Blew Up: A Looney Tunes Movie,152,8,160
Taandob,234,161,395
Fear Below,138,13,151
Saaree,101,8,109
Annie - The Virgin of Saint Tropez,113,21,134
Lilo and Stitch,95,28,123
Cleaner,83,20,103
Bring Her Back,270,128,398
Thunderbolts A K A The New Avengers,327,315,642
Holy Night Demon Hunters,209,23,232
Robinhood,218,16,234
Ice Road Vengeance,316,97,413
The Prosecutor,144,18,162
Pretty Thing,239,35,274
Kesari Chapter 2,79,12,91
Alappuzha Gymkhana,104,18,122
