main_title,total_seeders,total_leechers,total_peers
The Accountant 2,4004,4349,8353
A Working Man,3776,1340,5116
Warfare,4114,2949,7063
Death of a Unicorn,3090,2082,5172
Sinners,1404,2087,3491
Thunderbolts*,3450,2406,5856
Havoc,3534,857,4391
Ash,1529,301,1830
Locked,1385,362,1747
Drop,1331,917,2248
Captain America Brave New World,2068,515,2583
Kesari Chapter 2,755,85,840
Another Simple Favor,769,448,1217
Raid 2,671,92,763
Jewel Thief  The Heist Begins,607,48,655
HIT 3,359,35,394
A Minecraft Movie,3881,743,4624
Mere Husband Ki Biwi,490,28,518
Logout,484,21,505
Exterritorial,641,226,867
It Feeds,425,16,441
Snow White,2318,471,2789
Neighborhood Watch,416,73,489
Costao,384,36,420
Tin Soldier,1068,149,1217
The Luckiest Man in America,477,94,571
The Woman in the Yard,570,162,732
The Accountant,411,442,853
L2 Empuraan,395,54,449
Freaky Tales,743,560,1303
Jewel Thief The Heist Begins,413,49,462
Good Bad Ugly,199,21,220
The Diplomat,469,160,629
Veera Dheera Sooran Part 2,297,34,331
The Bayou,307,29,336
Reign Of Fire,154,20,174
California King,444,39,483
Rust,345,71,416
Bullet Train Explosion,380,401,781
Lifeline,265,12,277
Odela 2,247,36,283
Deep Inside Angeli Khang,171,13,184
Hell of a Summer,244,132,376
Spun,137,12,149
Rapsa,187,21,208
star wars original trilogy h265 5 1,250,51,301
Paradox Effect,236,26,262
The Friend,210,92,302
SALVABLE,206,21,227
Marching Powder,199,24,223
The Penguin Lessons,237,203,440
Sabik,170,16,186
Captain America : Brave New World,67,13,80
Last Bullet,355,208,563
Warlord,298,16,314
Nonnas,461,1054,1515
Raid 2,291,93,384
Teenage Innocence,105,28,133
Tampipi,156,10,166
Exterritorial,116,56,172
Screamboat,222,34,256
The Ballad Of Wallis Island,235,73,308
Kryptic,313,46,359
iHostage,62,8,70
star wars a vergence in the force,291,73,364
Fight or Flight,178,21,199
Virunnu,130,13,143
Counterattack,115,11,126
Companion,138,66,204
Havoc,155,24,179
Captain America Brave New World,150,88,238
