main_title,total_seeders,total_leechers,total_peers
The Accountant 2,4004,4349,8353
Warfare,4127,1994,6121
Thunderbolts*,3589,3220,6809
Sinners,4300,9078,13378
Death of a Unicorn,3090,2082,5172
A Minecraft Movie,4868,2027,6895
Havoc,3534,857,4391
Ash,1529,301,1830
Final Destination Bloodlines,6200,9047,15247
Locked,1385,362,1747
Drop,1331,917,2248
Kesari Chapter 2,557,65,622
Snow White,1928,552,2480
Raid 2,1419,208,1627
Another Simple Favor,720,315,1035
Jewel Thief  The Heist Begins,607,48,655
HIT 3,700,120,820
Mission Impossible The Final Reckoning,1643,904,2547
Exterritorial,641,226,867
Tin Soldier,899,87,986
Neighborhood Watch,416,73,489
Costao,384,36,420
The Luckiest Man in America,402,138,540
The Accountant,411,442,853
L2 Empuraan,395,54,449
The Diplomat,328,126,454
Freaky Tales,831,648,1479
Mr K,779,103,882
Jewel Thief The Heist Begins,413,49,462
Good Bad Ugly,199,21,220
Veera Dheera Sooran Part 2,297,34,331
The Bayou,307,29,336
California King,296,20,316
Rust,303,50,353
Odela 2,136,11,147
Bullet Train Explosion,380,401,781
Raid 2,254,92,346
Rogue One A Star Wars Story,866,235,1101
Deep Inside Angeli Khang,171,13,184
Hell of a Summer,244,132,376
Spun,137,12,149
Thunderbolts,252,70,322
Rapsa,198,24,222
Nonnas,370,896,1266
star wars original trilogy h265 5 1,284,171,455
The Friend,210,92,302
Paradox Effect,236,26,262
SALVABLE,226,13,239
The Penguin Lessons,237,203,440
Last Bullet,302,184,486
Sabik,170,16,186
Marching Powder,199,24,223
A Working Man,224,74,298
Captain America Brave New World,362,112,474
Warlord,298,16,314
Snow White,236,59,295
Captain America - Brave New World,294,92,386
The Ugly Stepsister [Norwegian Esub],356,190,546
Kryptic,226,19,245
Teenage Innocence,105,28,133
Exterritorial,116,56,172
Catalyst,279,31,310
Tampipi,156,10,166
Black Bag,341,266,607
The Ballad Of Wallis Island,252,116,368
Screamboat,182,21,203
star wars a vergence in the force,173,21,194
Ligaw,167,19,186
Counterattack,115,11,126
Virunnu,130,13,143
Havoc,155,24,179
Unit 234,289,47,336
The Jowa Collector,151,16,167
Bullet Train Explosion,140,53,193
Ang Pamumukadkad Ni Mirasol,195,30,225
Maranamass,144,50,194
